intrinsic:
  # camera1 前右相机 H120Y-E12060705
  cam_front_right:
    distortion: [-0.02720906, -0.00658019, -0.0116054,   0.01378963]
    projection: [ 1901.71330768,  1901.66885842,  1943.48820445,  1133.36679355]
  
  # camera2 前左相机 H120Y-E12060706
  cam_front_left:
    distortion: [-0.02537483, -0.02629602,  0.03366936, -0.01788853]
    projection: [ 1907.11982472,  1907.636663,    1928.73249761,  1066.45998026]

  # camera3 前挡右相机 H30S1-12060721
  cam_front_30fov:
    distortion: [   0.24098418,   -5.70424096,   94.26360866, -565.26928072]
    projection: [ 7297.69534396,  7266.02837263,  1972.74514771,   990.92074349]

  # camera4 前挡左相机 H120Y-E12060696
  cam_front:
    distortion: [-0.02437487, -0.02314749,  0.02381382, -0.01189084]
    projection: [ 1904.91005804,  1905.05128603,  1908.79679288,  1055.7136184 ]

  # camera5 后相机 H60S-E12060724
  cam_rear:
    distortion: [-0.03659219,  0.13892913, -3.96110148,  9.60143415]
    projection: [ 3757.53677365,  3757.57352942,  1903.58735152,  1045.20916567]

  # camera6 后右相机 H120Y-E12060713   
  cam_rear_right:   
    distortion: [-0.02836338, -0.01086718,  0.00791482, -0.00386795]
    projection: [ 1907.63075516,  1907.76605528,  1909.94788141,  1055.15721085] 

  # camera7 后左相机 H120Y-E12060708 
  cam_rear_left:
    distortion: [-0.01983073, -0.03363356,  0.04870515, -0.02948248]
    projection: [ 1892.30965435,  1892.15261328,  1975.71931674,  1108.87787022]

# 坐标系：x朝前, y朝左, z朝上
# 128线主激光雷达到车辆后轴中心地面投影
lidar1Tocar: 
  - [    0.00883853,    0.999954,  0.00541568,    0.902893]
  - [  -0.999945,  0.00886841, -0.00546705, -0.00295828]
  - [ -0.0055152, -0.00536715,     1.00002,     1.87388]
  - [          0,           0,           0,           1]

# # 左侧禾赛激光雷达到车辆后轴中心地面投影
# lidar2Tocar: 
#    0.749003  -0.662425 -0.0147565    3.65968
#   0.662486   0.749097 -0.0011196   0.492952
#  0.0117982 -0.0089393   0.999892   0.612806
#          0          0          0          1

# # 右侧禾赛激光雷达到车辆后轴中心地面投影
# lidar3Tocar: 
#    0.983741    0.179639 -0.00177237     3.67766
#   -0.179646    0.983545  -0.0201457   -0.387223
#   -0.001875   0.0201353    0.999808    0.596396
#           0           0           0           1

# 前右相机达到车辆后轴中心地面投影
cam1Tocar:  
  - [ -0.828799, -0.0861544,  -0.552874,    2.04732]
  - [  0.558402, -0.0642053,  -0.827082,   -1.00812]
  - [ 0.0357593,  -0.994211,   0.101322,   0.838009]
  - [        -0,          0,         -0,          1]

# 前左相机到车辆后轴中心地面投影
cam2Tocar: 
  - [ 0.84705, -0.0433184,  -0.529746,    2.04849]
  - [  0.531237,  0.0368096,   0.846423,    1.01788]
  - [ -0.017166,  -0.998383,  0.0541919,   0.847847]
  - [        -0,          0,         -0,          1]

# 前挡右相机到车辆后轴中心地面投影
cam3Tocar: 
  - [-0.0172401,  0.0134605,   0.999761,    1.88134]
  - [ -0.999785,  0.0112969, -0.0173926, -0.0950816]
  - [-0.0115283,  -0.999846,  0.0132628,    1.32814]
  - [         0,          0,         -0,          1]

# 前挡左相机到车辆后轴中心地面投影
cam4Tocar: 
  - [ 0.00108993,     0.219052,     0.975713,       1.8346]
  - [  -0.99997,    0.0076954, -0.000610623,   -0.0426696]
  - [-0.00764225,    -0.975683,     0.219053,      1.35996]
  - [         0,           -0,           -0,            1]

# 后相机到车辆后轴中心地面投影
cam5Tocar: 
  - [0.000524914,  -0.0725499,   -0.997365,     -1.1388]
  - [ 0.999589,    0.028627, -0.00155629,  -0.0062454]
  - [0.0286644,   -0.996954,   0.0725351,     1.13034]
  - [       -0,           0,          -0,           1]
cam6Tocar: # 后右相机到车辆后轴中心地面投影
  - [-0.863285,  -0.021866,   0.504243,  0.0970459]
  - [-0.502818, -0.0493126,  -0.862985,  -0.978242]
  - [0.0437355,  -0.998544,  0.0315762,   0.993564]
  - [       -0,          0,         -0,          1]
cam7Tocar: # 后左相机到车辆后轴中心地面投影
  - [  0.854647,  -0.057416,   0.516025,   0.079689]
  - [ -0.517737,  -0.019454,   0.855318,   0.961284]
  - [-0.0390703,  -0.998161, -0.0463527,   0.996573]
  - [         0,          0,         -0,          1]
